0.0 -0.369173
1.0 -0.282319
2.0 -0.350317
3.0 -0.229072
4.0 -0.223768
5.0 -0.200325
6.0 -0.201681
7.0 -0.175614
8.0 -0.16261
9.0 -0.275661
10.0 -0.179906
11.0 -0.190621
12.0 -0.276942
13.0 -0.290164
14.0 -0.30698
15.0 -0.376931
16.0 -0.340077
17.0 -0.448439
18.0 -0.49192
19.0 -0.540888
20.0 -0.497737
21.0 -0.573867
22.0 -0.552148
23.0 -0.617135
24.0 -0.658083
25.0 -0.611395
26.0 -0.64639
27.0 -0.54441
28.0 -0.507851
29.0 -0.452558
30.0 -0.39617
31.0 -0.333345
32.0 -0.345183
33.0 -0.258938
34.0 -0.299084
35.0 -0.208768
36.0 -0.252446
37.0 -0.178237
38.0 -0.08358
39.0 -0.143042
40.0 -0.199285
41.0 -0.204864
42.0 -0.268805
43.0 -0.249397
44.0 -0.345992
45.0 -0.272826
46.0 -0.316443
47.0 -0.417531
48.0 -0.480269
49.0 -0.388377
50.0 -0.490016
51.0 -0.468298
52.0 -0.54407
53.0 -0.603242
54.0 -0.657925
55.0 -0.695795
56.0 -0.545582
57.0 -0.504225
58.0 -0.484597
59.0 -0.597147
60.0 -0.502247
61.0 -0.50525
62.0 -0.398946
63.0 -0.44982
64.0 -0.417138
65.0 -0.219672
66.0 -0.27014
67.0 -0.246097
68.0 -0.331232
69.0 -0.180185
70.0 -0.132558
71.0 -0.188184
72.0 -0.160198
73.0 -0.196756
74.0 -0.217016
75.0 -0.267041
76.0 -0.224711
77.0 -0.25899
78.0 -0.32107
79.0 -0.476158
80.0 -0.472618
81.0 -0.491316
82.0 -0.529285
83.0 -0.523062
84.0 -0.461671
85.0 -0.579235
86.0 -0.586183
87.0 -0.473914
88.0 -0.566977
89.0 -0.52182
90.0 -0.477668
91.0 -0.575152
92.0 -0.489546
93.0 -0.383465
94.0 -0.429936
95.0 -0.319167
96.0 -0.340769
97.0 -0.275571
98.0 -0.176541
99.0 -0.232878
